ID 	&	 Counts 	&	 Noise \\ 
\hline 
1 	&	 [ 158593.78  382231.65  236958.37  194818.35  194344.37] 	&	 [ 398.24  618.25  486.78  441.38  440.85] \\ 
 1.1 	&	 [ 188016.78  452508.91  280911.95  231946.56  231029.95] 	&	 [ 433.61  672.69  530.01  481.61  480.66]\\ 
11 	&	 [ 1197.41  2397.02  2207.63   567.15   698.8 ] 	&	 [ 34.6   48.96  46.99  23.81  26.43] \\ 
 11.1 	&	 [ 1396.08  2676.64  2813.28   506.74   778.29] 	&	 [ 37.36  51.74  53.04  22.51  27.9 ]\\ 
12 	&	 [ 1323.98  2620.67  2437.17   508.91   696.93] 	&	 [ 36.39  51.19  49.37  22.56  26.4 ] \\ 
 12.1 	&	 [ 1460.88  2835.28  2746.77   628.42   594.82] 	&	 [ 38.22  53.25  52.41  25.07  24.39]\\ 
13 	&	 [ 1164.22  2442.62  2236.26   476.49   642.32] 	&	 [ 34.12  49.42  47.29  21.83  25.34] \\ 
 13.1 	&	 [ 1514.83  2541.83  2603.25   707.12   797.24] 	&	 [ 38.92  50.42  51.02  26.59  28.24]\\ 
14 	&	 [  811.49  2226.65  1927.16   426.16   393.56] 	&	 [ 28.49  47.19  43.9   20.64  19.84] \\ 
 14.1 	&	 [ 1302.92  2597.91  2513.45   421.29   636.83] 	&	 [ 36.1   50.97  50.13  20.53  25.24]\\ 
