ID 	&	 Counts 	&	 Noise \\ 
\hline 
1 	&	 [ 158471.88  382122.3   236888.68  194756.2   194250.69] 	&	 [ 398.09  618.16  486.71  441.31  440.74] \\ 
 1.1 	&	 [ 187919.32  452350.21  280741.65  231869.97  230868.88] 	&	 [ 433.5   672.57  529.85  481.53  480.49]\\ 
11 	&	 [ 1198.4   2315.54  2335.23   626.3    714.47] 	&	 [ 34.62  48.12  48.32  25.03  26.73] \\ 
 11.1 	&	 [ 1408.3   2710.6   2818.93   551.95   637.14] 	&	 [ 37.53  52.06  53.09  23.49  25.24]\\ 
12 	&	 [ 1427.57  2409.1   2358.62   652.87   695.3 ] 	&	 [ 37.78  49.08  48.57  25.55  26.37] \\ 
 12.1 	&	 [ 1394.31  2722.5   2740.72   769.18   678.32] 	&	 [ 37.34  52.18  52.35  27.73  26.04]\\ 
13 	&	 [ 1231.28  2402.02  2259.34   482.69   644.78] 	&	 [ 35.09  49.01  47.53  21.97  25.39] \\ 
 13.1 	&	 [ 1472.87  2556.89  2559.19   649.06   779.39] 	&	 [ 38.38  50.57  50.59  25.48  27.92]\\ 
14 	&	 [  859.47  2182.52  1933.37   281.81   482.47] 	&	 [ 29.32  46.72  43.97  16.79  21.97] \\ 
 14.1 	&	 [ 1338.45  2510.73  2522.3    495.22   663.18] 	&	 [ 36.58  50.11  50.22  22.25  25.75]\\ 
